# Dataset Information
# This dataset contains 181 yearly time series used in the M1 forecasting competition.
# The series are belonging to 7 different domains: macro 1, macro 2, micro 1, micro 2, micro 3, industry and demographic.
# The last 2 digits of the starting year are missing for the 51st series and they have been replaced by zeros.
#
# For more details, please refer to
# Makridakis, S., Andersen, A., Carbone, R. F., Fildes, R., Hibon, M., Lewandowski, R., Newton, J., Parzen,E., Winkler, R. L., 1982. The accuracy of extrapolation (time series) methods: Results of a forecasting competition. Journal of Forecasting 1 (2), 111–153.
#
@relation M1
@attribute series_name string
@attribute start_timestamp date
@frequency yearly
@horizon 6
@missing false
@equallength false
@data
T1:1972-01-01 00-00-00:3600,7700,12300,30500,47390,57006,98563,117759,115097,133759,142485,169611,216229,253227,313096,322681,296245,370333,443826,426751,453627,553400,588568,646758,849998,1106740,1184550,1425090
T2:1974-01-01 00-00-00:12654,22879,34164,49524,64761,78199,88626,102168,102758,122442,129900,139706,178858,213162,236026,255542,314269,357822,374755,401439,451875,419245,384040,425507,471077,578326,648954,658827,598742
T3:1974-01-01 00-00-00:2142,12935,19130,30500,48177,57462,64420,67689,73598,92086,112223,126902,145346,180153,193760,213266,236272,265299,254948,266798,338846,374028,362207,440716,525201,559479,603419,684536,634477
T4:1974-01-01 00-00-00:5774,7650,9271,21447,28998,40991,69030,53926,81376,50023,170673,161909,199636,233006,214539,208055,251314,273587,276606,237456,327433,275882,350083,388275,402869,484266,534545,560496,444027
T5:1976-01-01 00-00-00:432312,569011,862673,1155640,1439290,1606790,1066970,1376830,1794940,2436800,2250550,3796120,4262250,3127930,1962500,3815160,4701770,5700830,7531090,7465550,7549150,10028000,9823530,12443300,10796400,10989800,9521970,11233100,12736000,11395900,14640200,16494800,16997000,20734000,20208500,20026300,22755400,24295100,18752400,28263900,30435200,35798200,31549500,35724800,47180900
T6:1976-01-01 00-00-00:894.5,1501.7,1971.2,2249.4,3029.5,2741.8,2640.2,4211.3,4062.3,5594,4647,6839.3,5280.9,6648.8,6797.6,6709.4,8089.6,8742.5,9670.8,11536.8,12240,10515.7,14075.1,14755.6,14979.9,16433,20194.3,23015,23620.5,24009,28839.5
T7:1972-01-01 00-00-00:332381,352429,358621,424889,509281,519773,563115,633929,790109,847706,1089790,1216750,1512060,1570170,1678910,1832130
T8:1970-01-01 00-00-00:283219,326815,408814,440834,460495,506412,521709,526752,548179,581729,638296,701519,767471,899282,1013150,1142370,1509540
T9:1971-01-01 00-00-00:506190,534047,581982,576326,604878,673833,722014,806581,862129,931630,1025350,1315560,1383340,1462760,1604000
T10:1977-01-01 00-00-00:19.13,21.67,21.17,23.37,25.36,27.45,27.41,28.06,30.77,32.69,32.59,36.02,38.16,39.99,40.38,44.98,48.99,50.62,51.79,54.25,52.66,56.86,55.11,43.62,39.45,41.42,39.67,47.12,50.61,53.93,52.96,56.82,59,56.35,52.5,55.2
T11:1977-01-01 00-00-00:2075,2359,2101,2371,2700,2850,2994,3192,3309,3481,4041,4348,4499,4869,5309,5681,6335,6725,7168,8025,8447,8117.98,8640.98,9736.98,10204,8052.98,9743.98
T12:1976-01-01 00-00-00:2197,2394,7308,22583,53193,88205,109607,157296,171519,201616,244195,276386,310198,340657,351933,373037,437702,545312,641389,789188,931918,907996,968054,1064530,1194120,1334710,1425000,1711840,1820390,2127440,2370370,2836800,2938130,3597020
T13:1976-01-01 00-00-00:263,992,437,35,55,140,205,175,150,620,1085,358,611,184,137,260,297,682,893,463,575,593,645,644,634,124,32,208,457,508,1832,4037,4589,6250,11721,14148,15488,13450,18689,17130,22637,28413,30468,32233,38038,36343,44401,47154,45339,52735,50558,50423,41229.9,41090.9,55845.9,62426.8,70832.8,85633.8
T14:1976-01-01 00-00-00:23180,21827,32567,9717,27319,42528,75036,99206,148432,169532,291222,341360,421484,595368,583326,655035,752561,881158,836680,815451,866498,919985,921579,885586,788831,593998,624498
T15:1977-01-01 00-00-00:574.9,519.3,545.5,562.9,630.2,679.8,702.9,733,836.3,911.5,1015.8,1041.9,1128.8,1319.4,1709.2,1412,1729.3,1817.7
T16:1973-01-01 00-00-00:4.97,5.09,5.21,5.37,5.59,5.81,6.02,6.13,6.33,6.6,6.91,7.07,7.18,7.27,7.44,7.56,7.63,8.08,8.18,8.35,8.58,8.84,8.88,8.92,9.02,9.16,9.31
T17:1972-01-01 00-00-00:1045,12031,20306,25513,35766,37868,47797,66621,50626,41184,42929,45495,45044,47903,41512,33061,58243,43464,65667,80389,75747,72606,71755,70845.8,72951.8,98107.7,103942,105244,115841
T18:1972-01-01 00-00-00:5,8536,18971,32850,70608,86077,100525,121461,120460,157851,176392,219000,269540,367673,461099,484684,349699,499888,588478,476008,504507,666224,706620,734453,911262,1055800,1069070,1202480
T19:1972-01-01 00-00-00:2189.29,2830.64,2256.02,2698.04,3372.33,4064.82,3829.08,4046.62,4135.89,4895.12,5244.4,5479.28,5365.74,5691.62,5657.82,5970.7,6346.85,6140.57,6846.93,7268.15,6856.47,7288.07,9176.6,10314.6,10476.6,11626.8,11363.3
T20:1972-01-01 00-00-00:141,863,2245,5202,8637,8559,5065,6034,3534,3841,6252,10013,18869,21551,20961,16208,19348,15198,17242,21784,20244,18139,17167,15288,18788,18003,9844.97,11698
T21:1964-01-01 00-00-00:51.4,49.3,50,57,61.6,56.8,51.4,45.8,40.1,35.7,32.8,27.7,26.9,22.8,22.3,20.6,14.5,6.2,5.4
T22:1973-01-01 00-00-00:2.57,2.58,2.6,2.63,2.64,2.65,2.65,2.66,2.67,2.68,2.71,2.71,2.73,2.74,2.76,2.76,2.76,2.77,2.78,2.79
T23:1976-01-01 00-00-00:131.5,576.5,1033.8,1223.2,1202.9,1232,1345.4,1503.2,1675.4,1870,2176.3,2355.6,2336.9,2308.4,2206.1,2064,1919.4,1517.7,1147.9,924.4,729.4,646.3,644.6
T24:1976-01-01 00-00-00:11.5,143.2,178.3,122.1,110.8,92.7,93.6,79.5,74,84,84.1,79,71.6,65.1,57.5,51.5,44.6,40.9,39.4
T25:1976-01-01 00-00-00:0.1,65.3,233.9,297.2,307.3,307.5,251.1,177.8,126.3,101.4,100.1,88.4,91.1,85.9,86.4,81.9,86.7,101.9,86.8,73.6,61.2,57.8,54.4,54,49.5,57.3,49.3,68.1
T26:1973-01-01 00-00-00:18820900,18322300,19123200,13393000,14257400,15941100,14944300,14676900,16108800,19436000,21032000,21275000,20525000,20371900,21767900,20585900,17439000,18334000,23701900
T27:1974-01-01 00-00-00:13553800,13198800,13535700,9686230,10267800,11418700,10044500,10390800,10987000,12762000,14319000,13849000,13056000,14394000,14481000,13838000,12577000,12494000,16627000
T28:1977-01-01 00-00-00:2022,9193,3687,3554,3046,1807,1380,1911,3342,1056,1775,2471,1545,2901,4419,2846,3442,2220,2800,2383,2073,1798,2418,2328,1665,2388,2089,2841,3044,2952,2116,2938,3482,2407.99,2931.99,4063.99,2194.99,1743,7361.98
T29:1977-01-01 00-00-00:589,635,671,671,671,708,708,762,800,815,800,773,760,780,727,770,784,841,858,811,800,810,859,872,885,881
T30:1977-01-01 00-00-00:553,631,546,601,699,724,737,750,742,787,828,826,796,791,749,751,740,764,812,851,828,770,758,799,858,725,812,844
T31:1977-01-01 00-00-00:77.2,130.5,136.2,108.9,109.9,119.3,119.3,121.1,110.5,100.8,101.5,102.4,96,94.6,99.2,101.6,95.4,92.3,77.2,88,100,100.8,89.7,91.5,112,141.2,143.4,130
T32:1977-01-01 00-00-00:111,115,146,139,131,153,184,159,163,139,189,209,259,175,189,239,247,249,257,190
T33:1977-01-01 00-00-00:1565,1805,1695,1969,2301,2515,2687,2844,2919,3111,3434,3524,3609,3740,4024,4039,4143,4212,4741,5182,5504,5582,5854.99,6373.98,6513.98,5265.99,6393.98,6602.98
T34:1977-01-01 00-00-00:74.4,121,116.9,97,95.4,98.7,98.5,100.8,99.1,95,95.2,97.1,97.1,96.2,96,97.5,97.7,96.2,96,98.2,100,101.4,99,104.6,140.5,145.1,136.2,135.9
T35:1976-01-01 00-00-00:9160,8837,7907,7104,7103,7948,8385,6944,6677,6932,7739,8489,8496,8095,8799,8891,9010,8753,8951,9395,9383,9596.98,9591.98,9201.98,9904.97,9027.98,10300
T36:1976-01-01 00-00-00:186.25,163.98,168.01,192.57,188.93,191.09,189.77,183.35,186.11,194.35,195.56,194.11,195.18,197.85,198.68,186.42,174.72,187.57,207.95,213.91,217.37,240.67,273.29,256.07,274.25
T37:1977-01-01 00-00-00:54.2,65.1,97,91.5,86.7,113.3,111.8,111.7,103.8,79.1,78.5,96.3,93.2,81.1,84.2,87.4,88.3,79.3,73.6,83.9,100,102.8,93.6,90.6,105.4,118.7,112.8,122.7
T38:1977-01-01 00-00-00:3315,3924,3838,3874,4082,4221,4513,4978,5352,5351,5376,5828,6809,7167,7822,8233,8376,9429,10212,10824,10936,12053,11876,12611,13454,13645,14034,14184
T39:1976-01-01 00-00-00:3007,3010,3192,3323,3680,3955,4214,4107,4033,4388,4721,5044,5336,5639,6208,6626,7349,7557,8297,9288,9050,9823.97,10487,11367,11933,9015.98,11048
T40:1976-01-01 00-00-00:6180,6555,6533,6692,6940,7258,7681,7530,7331,7756,8095,8156,8245,8472,9285,9855,10791,10573,10721,11710,11626,11582,12341,13033,13644,10406,12351
T41:1976-01-01 00-00-00:15858,16878,16168,16782,17006,18841,18036,16429,16159,17072,17943,18483,19908,22150,21902,24302,23496,23347,25162,25677,25408,29246.9,31765.9,34866.9,31151.9,25741.9,35109.9
T42:1976-01-01 00-00-00:40,40,40,52,80,72,84,97,103,122,160,165,198,235,262,313,380,397,448,492,559,545,674,795,959,1070,1228
T43:1976-01-01 00-00-00:248,261,261,290,315,333,381,363,416,440,474,533,602,657,718,753,813,944,1006,1073,1219,1357,1345,1588,1854,1646,2009.99
T44:1976-01-01 00-00-00:7400,7413,7254,6226,6534,6092,5700,6100,6300,5363,5531,5661,6072,6618,6965,7467,8035,8099.98,7549.98,7108.98,6851.98,7394.98,7394.98
T45:1976-01-01 00-00-00:1083,2666,2393,3109,5071,3407,2901,1750,2332,2760,5020,5620,8302,9226,4670,2843,10829,12548,10614,8300,4476,3260,5792,5992,6440,9101,11379,11053,9502,15702,15283,17872,19264,18146,19940,18968,28718,34978,48813,69843,42478,35163,40990,51748,60225,55736,74667,68043.8,64323.8,81283.8,93548.8,95152.8,102893
T46:1972-01-01 00-00-00:3022,4177,3751,5320,8397,11872,14541,14410,17534,19023,19306,13027,14750,13040,15874,17062,18163,21229,24163,27580,29809,34548.9,32960.9,44362.9,57251.9,68879.8,81793.8
T47:1972-01-01 00-00-00:35,188,318,425,493,786,1662,1646,1512,1279,1845,1294,1724,1949,2280,1691,1231,1415,1894,3467,6786,7555,8574.98,28734.9,38913.9,38526.9,53029.9,56167.9
T48:1969-01-01 00-00-00:5,8536,18971,32580,70608,86077,100525,121461,120460,157851,176392,219000,269540,367673,461099,484684,349699,499888,588478,476087,504506,666222,706620,734453,910998
T49:1969-01-01 00-00-00:12031,20306,25513,35766,37868,47797,66621,50626,41184,42929,45495,45044,47903,41512,33061,58243,43464,65667,80389,75746.8,72605.8,71754.8,70845.8,72951.8,97999.7
T50:1977-01-01 00-00-00:4388,4851,5322,5018,5037,5656,5835,5945,6869,7196,7655,8344,9213,9193,9713,10305,10185,9994.97,10889,12105,11969,9497.98,12110
T51:1900-01-01 00-00-00:119,111,163,203,197,192,94,151,258,147,180,151,147,213,152,124,118,167,152,169,121,106,165,183,249,199,272,236,422,550,595,503,856,563,604,616,698,658,464,703,901,585,929,660,608,652,889,741,1109,945
T52:1977-01-01 00-00-00:402240,416673,429306,422028,440946,465313,480489,496315,575761,621903,662294,692102,741638,832195,864867,602914,768019,839973
T53:1977-01-01 00-00-00:137598,151945,153433,187552,187981,182672,165506,173459,164732,195228,185486,147233,138699,161490,146948,123541,143073,156122
T54:1977-01-01 00-00-00:4351,10303,14335,23996,57704,74653,100917,112146,138439,146502,179935,229789,259500,292276,308180,197322,287171,335619
T55:1977-01-01 00-00-00:9923,11387,15423,29402,25348,23793,29824,36163,40437,36853,37091,39098,40962.9,38434.9,38924.9,41533.9,39785.9,38336.9
T56:1977-01-01 00-00-00:83702,78925,87571,88408,86866,90027,92412,92675,139085,139423,140026,142157,153867,161520,163895,102746,148886,144977
T57:1974-01-01 00-00-00:23350,23685,24427,24716,25632,24503,25382,25688,22078,26698,26482,25379,26848,24655,25811,24257,26036,27398,25935,26869,26896.9,23885.9,26663.9,27179.9,26306.9,28098.9
T58:1969-01-01 00-00-00:67.5,62.3,112.4,175.5,238.8,317.9,378.5,378,443.4,541.2,608.1,639.2,697.4,664.4,761.7,838,1044.9,1191,1211.6,1222.8,1367.8,1382.7,1406.7,1589
T59:1938-01-01 00-00-00:11460,23150,31539,26390,17757,15038,16715,23738,21642,19259,24546,14216,16478,21914,22733,21302,20321,24119,23732,25362,27213,31383,35870,30752,30631,39177,31319.9,43056.9,21798.9,25643.9,38308.9,35520.9
T60:1957-01-01 00-00-00:109,94.4,210,27.8,51.3,66.6,133,226,173,108,289,316,256,182,90.1,122,206,233,201,275,162,171,1169,838,88.5,230,642,498,174,148,149,185,200,95.8,167,110,139,140,365,390,457,789,1071,482,353
T61:1957-01-01 00-00-00:1560,506,797,451,539,283,308,475,609,680,702,790,816,646,738,808,1015,1521,1733,2201,2404,2777,2863,2446,2278,1908,2557,1077,1587,1894,1864,552,1205,1508,1182,2202,1775,3178,2977,1894,2332.99,838,1223,1136,1218
T62:1957-01-01 00-00-00:607,377,317,155,152,150,71.9,56.1,264,281,145,170,303,141,226,414,469,750,857,598,846,863,1088,600,482,520,637,427,139,147,147,52.5,47.8,126,258,286,669,899,756,648,761,693,732,372,474
T63:1962-01-01 00-00-00:242000,281243,310000,316070,348174,380323,353090,388207,351937,400769,390222,465508,480340,526305,535096,648429,733894,912874,981996,968789,965433,980788,1044490,1088660,1187790,1194830,1365220,1473030,1356810,1505260,1612240,1761040,1859860,1912000,1945310,2127930,2201410,2312220,2423750
T64:1963-01-01 00-00-00:3821700,2875600,3521640,3788670,3723270,3962220,4394770,4313400,4510800,4862880,4630310,4409340,3760270,4276200,4436130,4925670,5695220,6572920,5933560,6993330,8959560,10375400,10783400,9680460,10108400,10167200,10606500,11945900,12872300,12207300,14849000,16524400,16473000,17537300,18302300,20739700,22130900,21800200,21795600,24383300,25315500,26522700,27908300,29439000
T65:1969-01-01 00-00-00:2440.4,4046.4,4526.1,5800.3,7468.7,6064.8,4970.5,6669.3,6364.6,8126.9,6849.4,6840.4,5381.2,6983.4,7520.1,6773.4,8007.6,8800.8,9426.88,10842.8,10618.9,9875.78,11179.5,11335.3
T66:1971-01-01 00-00-00:68,81,105,126,145,170,170,194,224,245,270,321,353,394,483,531,629
T67:1973-01-01 00-00-00:149020,154580,155500,154470,160120,165170,166380,171370,176050,188750,194210,205420,212140,223849,234769,244619,256049,269982,279653
T68:1969-01-01 00-00-00:120,230,221.3,286.3,429.7,385.6,400.8,463.7,377.6,455.5,490.3,468.4,447.6,502.1,524.5,515.2,582.5,632.6,711.7,802.5,812.1,798.8,879.8,909.3
T69:1969-01-01 00-00-00:7.3,6.3,26.8,114.5,262.7,253,276.8,320.1,466.3,599.2,683.5,720.5,864,1011.9,1162.4,1308.7,1419.5,1472.2,1554.1,1729.6,1709.1,1535.3,1607.3,2058.19
T70:1969-01-01 00-00-00:22,27.7,43.9,64.5,99.7,107.4,110.5,139.6,167.6,193.1,231,222.6,237.5,284.7,427.8,553.8,704.5,1038.4,894,939.6,1074.7,1240.7,1253.9,1309
T71:1969-01-01 00-00-00:25.9,35.7,48.5,63.8,74.8,72.9,115.1,171.8,178.3,240.7,355.1,511.4,606,810.1,1057.4,1182.3,1492.4,1946.4,2315.19,2737.89
T72:1969-01-01 00-00-00:19.4,35.5,25.4,22.4,73.2,74,63.9,89.7,142.1,141.5,145,167.5,161,184.1,174.8,196.7,212,247.1,275.4,294.7,226.6,194.1,229.9,243.9
T73:1969-01-01 00-00-00:8.5,22.8,26.9,27.6,31.1,33.3,33.3,39.8,46.3,56.2,62.1,63.3,64.3,75.1,97.1,117.3,136.9,139.2,145.6,149.1,156,162.6,167.7,195.2
T74:1969-01-01 00-00-00:246.8,299.6,246.4,289.8,250.9,246.9,293.5,417.4,525.1,689.9,582.6,595.7,758.7,871.1,1074.4,1008,1020.3,1272.2,1481.4,1424.3,1357.1,1405.8,1389.1,1265.6
T75:1974-01-01 00-00-00:142.24,137.8,127.6,137.6,141.8,115.6,129.8,133.8,130.8,129.9,120.9,113.8,111.5,107.9,89.2,77.6,74.7,68.2,56.9
T76:1974-01-01 00-00-00:27.6,29.4,26.4,24.5,28.7,32.3,34,30.6,32.2,35.6,36.5,39,38.2,33.8,39.6,119,171.4,251.6,239.1
T77:1974-01-01 00-00-00:16.25,16.9,14.61,14.87,17.09,16.52,15.28,14.91,16.59,15.66,13.88,12.94,13.94,12.3,12.02,10.23,9.05,7.1,3.6
T78:1977-01-01 00-00-00:248,261,261,290,315,333,381,363,416,440,474,533,602,657,718,753,813,944,1006,1073,1219,1357,1345,1588,1854,1646,2009.99
T79:1977-01-01 00-00-00:897.21,1410.83,1306.81,1031.58,1508.36,1543.03,1343.65,1434.67,1579.87,1976.47,2279.87,2067.49,1974.3,2288.54,2230.03,2305.88,2581.11,2533.43,2860.68,3120.74,3547.67,3382.97,3578.01,3794.73,3281.11,3116.4,4117.63,5257.57,7060.66,6544.87,7914.52,7676.13
T80:1975-01-01 00-00-00:19.7,21.1,26.9,26.7,22.3,21.6,24.1,24.3,20.6,21.4,23.1,22.7,21.6,20.6,28.3,29.3,24.3,21.5,23,24,25,24.2,25.8,23.4,18.6,19.3
T81:1976-01-01 00-00-00:27562.2,36027.7,32254,33906.6,43264.9,52408,48912.9,52123.1,53383.1,62171.6,67705.5,68636.3,67528.2,73524.4,73708.1,77361.5,82363.6,81629.1,89233.5,94982.8,102853,106519,118081,130707,131194,140717,147682,167810,207916,202895,248648
T82:1975-01-01 00-00-00:13.6,21.2,18.6,21.6,21.2,30.9,38.7,40.2,41.7,54.1,59.5,55.7,60.1,64.2,72.2,69,71,47.9,52.8,56.8,59.3,50.2,41.2,49.4,60,45
T83:1975-01-01 00-00-00:417,451,360,525,392,375,326,594,519,570,416,556,272,391,732,890,855,737,470,958,821,819,698,995,1150
T84:1975-01-01 00-00-00:165,172,224,224,151,129,286,216,520,994,1063,1292,1281,1796,2022,2789,2853,3710,3840,4062.99,4702.99,5059.99,4318.99,5469.99,3802.99
T85:1975-01-01 00-00-00:60.7,91.1,106.2,112.2,120.1,129,149.8,159.9,168.8,173,238.5,279.5,295.1,298.4,316,340.5,363.5,361.2,365.7,371.7,381.1,383.7,393.7,358.9,393.3,382.6
T86:1975-01-01 00-00-00:34.2,49.3,52.2,55.5,57.5,61.7,63.7,66.2,63.8,74.9,83.6,83.4,82.9,91.4,115.6,124,128.5,127.8,142.3,144.6,146.5,136.4,149.5,184.2,212.2,190.1
T87:1977-01-01 00-00-00:1.76,4.13,7.04,7.82,6.62,9.92,11.76,11.43,11.14,10.97,13.02,14.08,16.34,16.83,18.3,17.8,15.4,16.1,14
T88:1977-01-01 00-00-00:4.48,4.52,3.71,4.3,5.66,5.77,5.93,5.99,5.85,6.46,7.14,6.38,6.31,6.95,8.3,7.9,7.2,7.1
T89:1977-01-01 00-00-00:11.4,11.5,11.8,10.6,11.4,11.2,10.8,11.3,10.6,11.2,13.5,14.2,14.2,13.4,13.2,12.9,12.3,12.8,14.2
T90:1977-01-01 00-00-00:7.15,7.89,8.29,8.1,8.05,8.15,7.39,7.84,7.23,8.52,6.59,7.85,9.33,7.75,8.07,7.6,6.43,7.07,6.88
T91:1977-01-01 00-00-00:2.14,2.07,2.53,2.4,2.54,2.44,2.6,2.57,2.85,3.11,3.34,3.48,3.65,4.48,4.38,4.81,4.71
T92:1976-01-01 00-00-00:2.72,2.58,2.86,2.83,3.15,2.76,2.54,2.66,2.84,2.99,2.82,2.84,2.69,3.2,3.59,3.19,2.98,3.18
T93:1968-01-01 00-00-00:137.31,147.78,152.39,158.98,164.73,174.11,184.5,194.54,195.87,199.19,208.84,221.49,237.6,254.59,268.77,280.6,293.72,307.91,323.36
T94:1968-01-01 00-00-00:35.92,38.06,44.05,45.49,41.45,41.26,46.94,49.3,47.83,47.15,48.52,50.46,52.52,53.45,55.38,56.89,58.42,60.51,63.64
T95:1968-01-01 00-00-00:35.64,37.56,36.16,36.4,39.54,44.67,48.4,53.43,55.9,64.06,69,77.53,84.66,91.61,104.27,111.78,121.74,128.68,135.33
T96:1968-01-01 00-00-00:5.97,3.89,3.87,1.68,3.73,2.77,5.31,6.17,7.02,7.77,13.41,9.36,11.39,10.35,11.26,5.91,9.74,9.88,8.24
T97:1972-01-01 00-00-00:54,58,60,62,65,68,72,76,77,78,82,87,93,100,106,110,115,121,127,135.5,142.2,143.4,150.9
T98:1972-01-01 00-00-00:56.37,58.24,54.55,60.43,66.47,74.27,63.32,92.36,99.05,107.69,116.22,127.46,139.61,145.51,161.85,196.07
T99:1960-01-01 00-00-00:96,96,80,74,85,83,95,96,78,95,85,98,87,95,100,95,100,95,89,91,100,99,99,99,99,99,99,61,76,74,90,93,102,98,103,110,117,118,112,115,116,121,134
T100:1962-01-01 00-00-00:67,60,85,96,118,117,137,120,121,133,133,115,98,107,100,96,103,109,100,100,100,100,61,54,38,50,84,99,113,122,128,143,145,146,159,172,188,204,213,220,242,254,273
T101:1957-01-01 00-00-00:86,86,71,66,80,87,100,101,105,102,108,119,118,113,105,105,103,99,98,101,100,107,88,70,63,59,50,54,83,90,96,109,118,126,129,133,140,148,155,161
T102:1974-01-01 00-00-00:33,34.9,37.6,43.7,44.6,42,40.7,45,46.5,44.5,70.6,72.8,75.4,77.9,78.9,81.5,83.5,85.2,88.3,92.4,96.9,100.1,104.3,108.4,112.8,116.7
T103:1968-01-01 00-00-00:191562,206884,217342,230677,237258,255201,267545,282349,291057,312343,326528,336577,356556,376576,402923,434678,468284,494343,538914
T104:1968-01-01 00-00-00:34666,55413,69517,73404,68004,68322,72724,80115,64782,88190,91203,98994,107238,112237,118562,126179,146909,168313,184622
T105:1968-01-01 00-00-00:53841,56919,57136,60905,62833,71309,76761,79489,76851,85466,85917,85739,93951,99522.7,108015,120038,130296,133884,146217
T106:1968-01-01 00-00-00:6545,10170,4555,4461,711,7642,4482,380,78,5191,3794,1771,6347,5570.99,4774.99,8557.98,12053,6153.99,8603.98
T107:1968-01-01 00-00-00:13807,18744,17992,16934,17746,19714,23595,26481,23067,23489,27244,28575,30278,32338.9,37098.9,39195.9,43359.9,46187.9,50593.9
T108:1968-01-01 00-00-00:242167,279232,293180,306635,304918,332985,352832,368187,399962,402355,417093,430129,460613,485263,521739,568423,625126,658972,719794
T109:1976-01-01 00-00-00:25.29,21.68,18.83,18.17,22.85,24.57,28.16,29.76,26.99,29.23,31.71,36.7,28.82,31.59,38.95,41.42,42.62,47.73,54.96,53.23,51.41,46.89
T110:1972-01-01 00-00-00:237,273,286,261,287,330,352,380,426,494,530,598,597,692,832,946,1056,1292
T111:1972-01-01 00-00-00:232,264,266,254,275,315,327,360,403,466,532,569,586,680,839,966,1025,1333
T112:1969-01-01 00-00-00:474,486.9,484,490.5,503,504.7,504.2,503.3,503.6,514.9,524.2,537.7,547.8,557.2,564.4,572,577.4,584.2,594.7,605.8,617.7,628,638.9,645.1,662.8,675.7,691.1,710,729.5,743.3,755.9,770.7,774.4,784.5,800.9,815.9,834.9,858.1,875.8,891.4,907.6,923.7,942.6,951.7
T113:1970-01-01 00-00-00:2.7,3.1,3.4,3.8,3.5,3.7,4,4.2,4.4,4.6,4.8,4.7,5,5.4,5.6,5.9,6.5,6.9,7.4,7.8,8.2
T114:1970-01-01 00-00-00:4.7,5.2,5.3,5.5,5.9,6.6,6.9,7.3,7.6,7.8,8.5,8.9,9.1,9.5,10.1,10.4,10.9,11.2,11.7,12.4,13.2
T115:1970-01-01 00-00-00:47.4,52.6,57.3,61.9,66.3,74.1,79.2,83.7,86.4,92.4,108.6,114.5,119.2,123.3,131.5,138.8,142.9,142.4,152.6,164.7,172.7
T116:1970-01-01 00-00-00:28.9,31.1,32.5,34.9,36.3,38.6,40.4,42.6,44.7,47.6,50.6,54.8,58.2,61.3,63.1,65.4,69.3,74,78.4,82.3,87.3
T117:1970-01-01 00-00-00:11.5,11.8,12.1,13.1,14,15,15.6,16.1,16,16.8,18.2,18.8,19.5,20.2,22.1,23.2,23.8,25.2,26.9,28.3,29.8
T118:1970-01-01 00-00-00:6.7,6.6,6.7,7.1,7.4,7.4,7.5,7.9,8.1,8.7,9.2,9.8,10.3,10.4,11.3,11.9,12.1,12.5,13,14,14.6
T119:1970-01-01 00-00-00:2.5,2.7,2.7,3.1,3.2,3.4,3.7,4,4.1,4.2,4.4,4.9,5.1,5.5,6,6.5,6.9,7.3,7.8,8.4,9
T120:1970-01-01 00-00-00:3.7,4.1,4.2,4.2,4.6,4.9,5,5.1,5.1,5.5,6.1,6.5,6.8,7,7.4,7.8,8,8.2,8.4,9.1,9.7
T121:1970-01-01 00-00-00:4.4,4.6,4.8,5,5.2,5.4,5.6,5.8,5.8,6,6.3,6.7,7,7.3,7.7,8.1,8.5,9,9.3,9.7,10.1
T122:1970-01-01 00-00-00:2.2,2.3,2.3,2.4,2.6,2.7,2.8,2.9,2.9,3.1,3.3,3.5,3.7,3.9,4.2,4.5,4.7,5,5.5,5.7,6.1
T123:1963-01-01 00-00-00:49.64,51.75,53.16,56.01,57.97,60.45,61.77,63.64,64.76,66.49,69.18,71.17,74.51,77.78,80.4,83.16,86.05,88.85,91.77
T124:1968-01-01 00-00-00:15.56,17.22,17.4,18.06,18.59,19.98,21.61,23.39,22.45,22.17,23.39,25.23,27.65,30.86,32.12,32.39,33.57,34.28,35.81
T125:1968-01-01 00-00-00:9.78,9.92,10.03,10.19,10.5,10.96,11.25,11.9,12.5,15.04,15.74,16.68,17.7,18.72,19.96,21.18,22.31,23.62,24.64
T126:1968-01-01 00-00-00:5.66,6.79,7.16,7.6,8.53,10.1,11.3,12.79,12.68,15.55,17.1,19.25,22.09,25.77,27.97,28.97,30.73,32.35,35.23
T127:1968-01-01 00-00-00:57.14,62.37,64.87,67.28,69.14,72.34,78.15,82.19,84.17,79.93,83.44,89.16,95.65,101.47,108.33,114.89,121.05,128.81,135.61
T128:1968-01-01 00-00-00:14.48,14.14,17.52,20.32,16.16,14.59,19.05,20.16,18.08,19.39,19.32,19.87,19.84,18.52,18.44,18.49,18.89,20.04,20.62
T129:1968-01-01 00-00-00:21.47,24.09,26.59,24.96,25.39,26.95,27.9,29.14,29.93,27.77,29.21,30.58,32.69,34.93,36.94,38.4,39.53,40.47,43.02
T130:1968-01-01 00-00-00:14.38,13.81,12.3,11.92,12.18,13.35,14.42,15.75,16.73,18.63,20.17,23.28,25.63,27.34,30.75,33.52,37.31,41,42.1
T131:1968-01-01 00-00-00:15.4,16.3,15.54,15.72,16.8,19.33,21.72,24.46,25.32,28.09,30.86,35.19,38.93,42.11,45.72,47.25,52.1,54.62,59.38
T132:1968-01-01 00-00-00:53473,59926,63014,63903,64947,57592,59923,63341,66071,67859,69530,71489,73782,75901.8,79876.8,85137.8,91254.8,92781.8,98589.7
T133:1968-01-01 00-00-00:20965,22623,23457,23614,23710,24833,25948,26135,26502,28418,29403,30063,31860,33033.9,36136.9,38731.9,43538.9,45971.9,50098.9
T134:1968-01-01 00-00-00:21275,23619,26454,29291,31643,33726,35967,38394,40991,43518,46171,48567,51835,55278.9,59086.9,63162.8,67088.8,71194.8,76619.8
T135:1968-01-01 00-00-00:25585,24510,23821,27703,27313,33470,32196,33629,30381,36014,36668,35278,40034,43729.9,47822.9,54090.9,56727.9,57953.9,66840.8
T136:1968-01-01 00-00-00:14243,32555,46046,48715,41519,39607,41161,44577,46301,46809,45946,48992,52950,52386.9,51861.9,52214.9,63204.8,75008.8,80920.8
T137:1968-01-01 00-00-00:20423,21858,23471,24689,26485,28715,31563,35538,38481,41381,45257,50002,54288,59849.8,66699.8,73963.8,83703.8,93303.8,103701
T138:1968-01-01 00-00-00:19810,17922,17930,18669,20109,23706,22103,21077,22297,26803,23965,24073,26875,27929.9,28275.9,28393.9,26305.9,26220.9,31513.9
T139:1968-01-01 00-00-00:18654,20651,20216,21503,20552,23804,26466,28375,25028,28435,30283,28647,32460,34814.9,39892.9,45760.9,53093.9,55742.9,59491.9
T140:1968-01-01 00-00-00:28.9,31,33.1,34.9,36.5,38.3,40.2,42,44,45.9,48,49.8,52.5,55.3,58.5,61.8,64.7,67.4,70.7
T141:1962-01-01 00-00-00:7929980,9001740,9794090,10002100,10403300,11140200,10169100,9381840,7997870,9190020,9186600,10479100,11975600,12837000,11380800,13509600,14483700,17762400,17083900,17035700,17182800,17371000,19277700,21114000,21897300,20315400,24375500,26046700,24418400,26604600,26876200,30178100,31441200,30666400,30814300,34014700,34444200,35697900,37648200
T142:1968-01-01 00-00-00:2631,2898,3185,3500,3695,4029,4252,4428,4530,4680,4754,4914,5141,5292.99,5525.99,5723.99,6006.99,6185.98,6390.98
T143:1968-01-01 00-00-00:1214,1288,1272,1296,1391,1503,1588,1675,1778,1749,1895,1973,2017,2123.99,2248.99,2392.99,2461.99,2498.99,2651.99
T144:1968-01-01 00-00-00:841,886,934,1001,1056,1122,1183,1276,1349,1569,1660,1775,1955,2160.99,2342.99,2585.99,2834.99,3054.99,3263.99
T145:1968-01-01 00-00-00:586,662,686,832,966,1075,1028,1164,1333,1546,1588,1565,1654,1887,2082.99,2102.99,2116.99,2242.99,2450.99
T146:1968-01-01 00-00-00:814,1074,1440,1521,1515,1465,1544,1521,1466,1512,1583,1683,1804,1849,1928,2062,2149.99,2334.99,2367.99
T147:1968-01-01 00-00-00:1312,1420,1536,1604,1695,1812,1999,2180,2317,2523,2701,2952,3165,3385.99,3637.99,4012.99,4452.99,5342.99,5378.99
T148:1968-01-01 00-00-00:331,376,494,630,645,639,634,616,686,661,750,829,891,944,1210,1271,1327,1466,1585
T149:1968-01-01 00-00-00:469,511,564,597,655,777,896,979,1048,1113,1227,1422,1549,1568,1849,1981,2062.99,2380.99,2437.99
T150:1968-01-01 00-00-00:900,1002,1048,1132,1252,1413,1573,1786,1858,1962,2143,2368,2291,2403.99,2794.99,3050.99,3316.99,3514.99,3774.99
T151:1968-01-01 00-00-00:1552,1418,1394,1450,1561,1673,1726,1772,1790,1884,2016,2060,2045,2123.99,2205.99,2292.99,2301.99,2297.99,2366.99
T152:1971-01-01 00-00-00:159,110,80,95,141,130,111,98,97,98,142,148,196,254,223,262,337
T153:1865-01-01 00-00-00:30450,30700,30940,31190,31410,31600,31800,32000,32280,32370,32570,32730,32890,33070,33260,33540,33690,33790,33940,34080,34230,34450,34660,34900,35160,35400,35470,35520,35550,35630,35800,35950,36070,36230,36080,36190,36300,36340,36500,36509.9,37389.9,37519.9,37709.9,37859.9,38019.9
T154:1865-01-01 00-00-00:223,236,262,238,243,247,256,246,251,270,246,242,264,271,276,274,267,273,267,283,282,281,285,280,283,268,250,294,279,298,287,281,281,271,283,284,290,307,298,289,305,304,301,300,299
T155:1973-01-01 00-00-00:2067,2261,2102,1590,1768,2246,1602,2074,1546,1289,1374,1210,1306,1010,1171
T156:1865-01-01 00-00-00:498,501,496,508,503,511,505,502,496,497,509,483,501,509,512,505,486,496,493,489,503,506,503,492,505,496,461,482,506,490,496,495,482,474,463,488,482,496,522,490,515,510,519,516,515
T157:1865-01-01 00-00-00:372,392,376,386,401,421,400,422,405,407,405,466,409,462,415,377,425,411,386,406,404,417,400,384,370,411,425,420,488,382,398,406,397,498,487,425,428,432,492,393,436,409,426,435,468
T158:1865-01-01 00-00-00:369,385,367,378,399,417,392,415,398,401,396,468,403,456,402,371,428,407,386,403,391,409,399,384,372,410,424,417,485,380,401,405,399,495,451,412,431,443,487,388,431,404,421,426,454
T159:1865-01-01 00-00-00:741,777,743,764,800,838,792,837,803,808,801,934,812,918,817,748,858,818,772,809,795,826,799,768,742,821,849,837,973,762,799,811,796,993,938,837,859,874,979,782,867,813,847,860,922
T160:1865-01-01 00-00-00:897,903,894,913,904,920,909,906,896,899,916,870,899,913,919,906,874,892,888,881,906,913,909,890,914,897,838,873,916,884,901,895,869,853,838,884,870,895,937,888,928,921,936,930,929
T161:1865-01-01 00-00-00:965,973,963,984,973,992,980,977,965,968,987,937,970,987,994,980,944,963,958,952,977,983,978,959,983,966,902,940,986,954,971,965,937,923,902,952,941,969,1018,957,1005,995,1013,1006,1005
T162:1976-01-01 00-00-00:2822,2859,4602,3740,3852,4714,3911,4070,3786,3366,2875,3628,2817,2831,4088,4992.99,4839.99,4303.99,5379.99,7829.98,7654.98
T163:1976-01-01 00-00-00:40.9,40.5,40.1,40,40,40.1,40.1,40.1,39.7,40.2,40.7,38,37.8,37.7,37.1,37,37.1,37.1,36.6,36.1,36.4
T164:1976-01-01 00-00-00:40.4,39.8,39.2,40.3,39.7,39.8,40.4,40.5,40.7,41.2,41.6,40.6,40.7,40.6,39.8,39.9,40.6,40.7,40,39.4,40.4
T165:1975-01-01 00-00-00:1305,2219,1922,1029,980,1019,2035,1580,1442,1541,2681,2022,2060,2518,2016,1971,1718,1435,1120,1060,993,963,1636,2085.99,1928,1594,1918,3427.99
T166:1967-01-01 00-00-00:24.7,25,24.7,24.9,25,24.3,24.1,23.7,23.2,22.4,21.7,21,19.4,18.4,17.9
T167:1967-01-01 00-00-00:9.6,9.2,9.3,9.3,9.6,9.5,9.4,9.5,9.3,9.5,9.6,9.4,9.4,9.5,9.4
T168:1968-01-01 00-00-00:398464,386768,382665,393754,391853,380813,378902,383888,382734,369788,396378,393000,414000,413000,427999,449999,478999,498999,522999,431017
T169:1970-01-01 00-00-00:2.47,2.35,2.3,2.28,2.24,2.12,2.24,2.18,2.26,2.22,2.27,2.35,2.47,2.54,2.64,2.16,3.17,3.51
T170:1968-01-01 00-00-00:1586570,1674530,1602380,1547070,1553470,1479250,1538350,1591980,1524580,1457340,1498960,1523380,1547940,1577360,1654000,1724690,1800200,1857290,1913000,2058990
T171:1975-01-01 00-00-00:393,414,413,428,450,479,499,523,584,639,708,773,845,915,977,1026
T172:1971-01-01 00-00-00:24152,24217,24317,24401,24510,24645,24779,24889,25044,25272,25534,25854,26038,26254,26441,26601.9,26667.9,26860.9,26992.9,27082.9,26982.9
T173:1966-01-01 00-00-00:418,453,410,492,528,466,440,421,410,407,414,409,406,424,438,448,453,473,487,503,508,522,513,504
T174:1966-01-01 00-00-00:393,425,386,464,498,439,415,397,387,386,390,386,383,401,413,423,426,446,458,473,482,492,485,476
T175:1974-01-01 00-00-00:307198,305958,310322,310311,308746,322023,325783,334842,314573,323083,329757,315461,333594,337798,334352,328536,342604,338787,337262
T176:1971-01-01 00-00-00:26139,26214,26276,26364,26436,26539,26651,26764,26912,27100,27282,27487,27640,27811,27995,28141.9,28301.9,28434.9,28554.9,28642.9,28582.9
T177:1974-01-01 00-00-00:290783,285242,293718,295804,294582,309765,310268,319446,296557,304715,313997,301249,322404,321736,321028,316540,331332,330903,330095
T178:1973-01-01 00-00-00:11693,11702,11703,11557,11951,12048,12705,12408,11989,11325,11105,10254,10319,9893.97,9712.97,9365.98,8392.98,7782.98
T179:1973-01-01 00-00-00:8438,8689,8590,8763,8710,8837,9114,9160,8868,8246,8129,7821,7428.98,7187.98,7001.98,6797.98,6197.98,5645.99
T180:1975-01-01 00-00-00:55.91,54.7,55.3,55.75,55.46,55.37,53.82,55.11,56.05,55.68,54.18,54.82,54.95,54.18,54.24,54.14,54.47,54.99,55.55,55.79,56,56.49,56.1,55.47,56.03,56.93,56.97,55.24
T181:1975-01-01 00-00-00:564,841,854,689,559,510,997,823,832,821,1242,1063,1080,1368,1175,1216,1195,1056,921,1078,985,1016,1347,1650,1610,1486,1748,1649
